time_s,symbol,side,qty,price,reason
1772013000,Boom 1000 Index,BUY,0.2,15022.637,signal
1772013600,Boom 1000 Index,CLOSE,0.2,15031.541,stop
1772013900,Boom 1000 Index,BUY,0.2,15035.542,signal
1772014500,Boom 1000 Index,CLOSE,0.2,15025.542,stop
1772016300,Boom 1000 Index,BUY,0.2,15009.917,signal
1772016300,Boom 1000 Index,CLOSE,0.2,15019.523,stop
1772016600,Boom 1000 Index,BUY,0.2,15023.772,signal
1772017200,Boom 1000 Index,CLOSE,0.2,15013.772,stop
1772018400,Boom 1000 Index,BUY,0.2,15010.799,signal
1772018400,Boom 1000 Index,CLOSE,0.2,15012.953,stop
1772018700,Boom 1000 Index,BUY,0.2,15016.509,signal
1772019300,Boom 1000 Index,CLOSE,0.2,15006.509,stop
1772020800,Boom 1000 Index,BUY,0.2,15034.456,signal
1772021400,Boom 1000 Index,CLOSE,0.2,15024.456,stop
1772023500,Boom 1000 Index,BUY,0.2,15009.379,signal
1772024100,Boom 1000 Index,CLOSE,0.2,14999.379,stop
1772027400,Boom 1000 Index,BUY,0.2,14982.967,signal
1772027700,Boom 1000 Index,CLOSE,0.2,14984.551,stop
1772028000,Boom 1000 Index,BUY,0.2,14987.663,signal
1772028600,Boom 1000 Index,CLOSE,0.2,14993.429,stop
1772028900,Boom 1000 Index,BUY,0.2,14995.536,signal
1772029500,Boom 1000 Index,CLOSE,0.2,14985.536,stop
1772032200,Boom 1000 Index,BUY,0.2,14972.79,signal
1772032800,Boom 1000 Index,CLOSE,0.2,14962.79,stop
1772039400,Boom 1000 Index,BUY,0.2,14897.605,signal
1772040000,Boom 1000 Index,CLOSE,0.2,14887.605,stop
1772041500,Boom 1000 Index,BUY,0.2,14903.419,signal
1772042100,Boom 1000 Index,CLOSE,0.2,14893.419,stop
1772044500,Boom 1000 Index,BUY,0.2,14888.959,signal
1772045100,Boom 1000 Index,CLOSE,0.2,14878.959,stop
1772049600,Boom 1000 Index,BUY,0.2,14877.921,signal
1772050200,Boom 1000 Index,CLOSE,0.2,14867.921,stop
1772054700,Boom 1000 Index,BUY,0.2,14830.622,signal
1772055300,Boom 1000 Index,CLOSE,0.2,14830.798,stop
1772055600,Boom 1000 Index,BUY,0.2,14833.761,signal
1772056800,Boom 1000 Index,CLOSE,0.2,14823.761,stop
1772059800,Boom 1000 Index,BUY,0.2,14824.986,signal
1772060100,Boom 1000 Index,CLOSE,0.2,14843.856,stop
1772060400,Boom 1000 Index,BUY,0.2,14847.728,signal
1772061000,Boom 1000 Index,CLOSE,0.2,14851.375,stop
1772061300,Boom 1000 Index,BUY,0.2,14853.882,signal
1772061300,Boom 1000 Index,CLOSE,0.2,14865.211,stop
1772061600,Boom 1000 Index,BUY,0.2,14869.46,signal
1772062200,Boom 1000 Index,CLOSE,0.2,14859.46,stop
1772063100,Boom 1000 Index,BUY,0.2,14874.077,signal
1772063700,Boom 1000 Index,CLOSE,0.2,14864.077,stop
1772066400,Boom 1000 Index,BUY,0.2,14853.08,signal
1772067000,Boom 1000 Index,CLOSE,0.2,14843.08,stop
1772071200,Boom 1000 Index,BUY,0.2,14814.182,signal
1772071800,Boom 1000 Index,CLOSE,0.2,14827.329,stop
1772072100,Boom 1000 Index,BUY,0.2,14831.714,signal
1772072700,Boom 1000 Index,CLOSE,0.2,14821.714,stop
1772073000,Boom 1000 Index,BUY,0.2,14830.952,signal
1772074200,Boom 1000 Index,CLOSE,0.2,14820.952,stop
1772076000,Boom 1000 Index,BUY,0.2,14832.284,signal
1772076300,Boom 1000 Index,CLOSE,0.2,14852.497,stop
1772076600,Boom 1000 Index,BUY,0.2,14856.727,signal
1772077200,Boom 1000 Index,CLOSE,0.2,14846.727,stop
1772082300,Boom 1000 Index,BUY,0.2,14831.103,signal
1772083500,Boom 1000 Index,CLOSE,0.2,14821.103,stop
1772084100,Boom 1000 Index,BUY,0.2,14839.047,signal
1772084700,Boom 1000 Index,CLOSE,0.2,14829.047,stop
1772090400,Boom 1000 Index,BUY,0.2,14827.478,signal
1772090700,Boom 1000 Index,CLOSE,0.2,14833.885,stop
1772091000,Boom 1000 Index,BUY,0.2,14838.741,signal
1772091600,Boom 1000 Index,CLOSE,0.2,14828.741,stop
1772092500,Boom 1000 Index,BUY,0.2,14844.134,signal
1772093100,Boom 1000 Index,CLOSE,0.2,14834.134,stop
1772101500,Boom 1000 Index,SELL,0.2,14824.005,signal
1772102700,Boom 1000 Index,CLOSE,0.2,14806.005,takeprofit
1772114700,Boom 1000 Index,SELL,0.2,14824.255,signal
1772115300,Boom 1000 Index,CLOSE,0.2,14817.499,stop
1772116500,Boom 1000 Index,SELL,0.2,14812.008,signal
1772117400,Boom 1000 Index,CLOSE,0.2,14794.008,takeprofit
1772117700,Boom 1000 Index,SELL,0.2,14793.866,signal
1772118600,Boom 1000 Index,CLOSE,0.2,14775.866,takeprofit
1772118900,Boom 1000 Index,SELL,0.2,14775.685,signal
1772120100,Boom 1000 Index,CLOSE,0.2,14757.685,takeprofit
1772140800,Boom 1000 Index,SELL,0.2,14690.349,signal
1772140800,Boom 1000 Index,CLOSE,0.2,14700.349,stop
1772142300,Boom 1000 Index,SELL,0.2,14689.361,signal
1772143200,Boom 1000 Index,CLOSE,0.2,14682.975,stop
1772152500,Boom 1000 Index,SELL,0.2,14763.352,signal
1772153700,Boom 1000 Index,CLOSE,0.2,14745.352,takeprofit
1772154000,Boom 1000 Index,SELL,0.2,14741.253,signal
1772155200,Boom 1000 Index,CLOSE,0.2,14736.739,stop
1772155800,Boom 1000 Index,SELL,0.2,14738.11,signal
1772157000,Boom 1000 Index,CLOSE,0.2,14720.11,takeprofit
1772157300,Boom 1000 Index,SELL,0.2,14719.956,signal
1772158500,Boom 1000 Index,CLOSE,0.2,14701.956,takeprofit
1772170800,Boom 1000 Index,SELL,0.2,14698.129,signal
1772171100,Boom 1000 Index,CLOSE,0.2,14697.775,stop
1772172300,Boom 1000 Index,SELL,0.2,14692.958,signal
1772173500,Boom 1000 Index,CLOSE,0.2,14674.958,takeprofit
1772173800,Boom 1000 Index,SELL,0.2,14670.885,signal
1772175000,Boom 1000 Index,CLOSE,0.2,14670.392,stop
1772175600,Boom 1000 Index,SELL,0.2,14663.565,signal
1772175900,Boom 1000 Index,CLOSE,0.2,14662.071,stop
1772196600,Boom 1000 Index,SELL,0.2,14593.262,signal
1772196600,Boom 1000 Index,CLOSE,0.2,14603.262,stop
1772202000,Boom 1000 Index,SELL,0.2,14576.032,signal
1772202600,Boom 1000 Index,CLOSE,0.2,14568.502,stop
1772205600,Boom 1000 Index,SELL,0.2,14541.523,signal
1772205600,Boom 1000 Index,CLOSE,0.2,14551.523,stop
1772215200,Boom 1000 Index,SELL,0.2,14622.915,signal
1772216400,Boom 1000 Index,CLOSE,0.2,14604.915,takeprofit
1772216700,Boom 1000 Index,SELL,0.2,14600.922,signal
1772216700,Boom 1000 Index,CLOSE,0.2,14610.922,stop
1772259300,Boom 1000 Index,SELL,0.2,14589.405,signal
1772259600,Boom 1000 Index,CLOSE,0.2,14599.405,stop
1772265300,Boom 1000 Index,SELL,0.2,14634.871,signal
1772266500,Boom 1000 Index,CLOSE,0.2,14616.871,takeprofit
1772266800,Boom 1000 Index,SELL,0.2,14612.762,signal
1772267100,Boom 1000 Index,CLOSE,0.2,14609.03,stop
1772267700,Boom 1000 Index,SELL,0.2,14606.662,signal
1772268900,Boom 1000 Index,CLOSE,0.2,14588.662,takeprofit
1772269200,Boom 1000 Index,SELL,0.2,14585.135,signal
1772270400,Boom 1000 Index,CLOSE,0.2,14567.135,takeprofit
1772270700,Boom 1000 Index,SELL,0.2,14563.471,signal
1772272500,Boom 1000 Index,CLOSE,0.2,14545.471,takeprofit
1772292000,Boom 1000 Index,SELL,0.2,14492.238,signal
1772293200,Boom 1000 Index,CLOSE,0.2,14476.543,stop
1772298900,Boom 1000 Index,SELL,0.2,14498.978,signal
1772300100,Boom 1000 Index,CLOSE,0.2,14480.978,takeprofit
1772361900,Boom 1000 Index,SELL,0.2,14632.392,signal
1772362500,Boom 1000 Index,CLOSE,0.2,14626.176,stop
1772363400,Boom 1000 Index,SELL,0.2,14630.421,signal
1772364600,Boom 1000 Index,CLOSE,0.2,14612.421,takeprofit
1772364900,Boom 1000 Index,SELL,0.2,14608.222,signal
1772365500,Boom 1000 Index,CLOSE,0.2,14601.683,stop
1772366400,Boom 1000 Index,SELL,0.2,14597.256,signal
1772367600,Boom 1000 Index,CLOSE,0.2,14579.256,takeprofit
1772367900,Boom 1000 Index,SELL,0.2,14575.039,signal
1772367900,Boom 1000 Index,CLOSE,0.2,14585.039,stop
1772390100,Boom 1000 Index,SELL,0.2,14649.417,signal
1772390700,Boom 1000 Index,CLOSE,0.2,14644.151,stop
1772396700,Boom 1000 Index,BUY,0.2,14733.615,signal
1772397000,Boom 1000 Index,CLOSE,0.2,14744.599,stop
1772412300,Boom 1000 Index,BUY,0.2,14773.649,signal
1772412300,Boom 1000 Index,CLOSE,0.2,14800.489,stop
1772412600,Boom 1000 Index,BUY,0.2,14805.334,signal
1772413200,Boom 1000 Index,CLOSE,0.2,14795.334,stop
1772414100,Boom 1000 Index,BUY,0.2,14803.575,signal
1772414700,Boom 1000 Index,CLOSE,0.2,14806.028,stop
1772415600,Boom 1000 Index,BUY,0.2,14824.691,signal
1772415600,Boom 1000 Index,CLOSE,0.2,14849.578,stop
1772415900,Boom 1000 Index,BUY,0.2,14850.894,signal
1772416500,Boom 1000 Index,CLOSE,0.2,14857.43,stop
1772421000,Boom 1000 Index,BUY,0.2,14827.736,signal
1772421900,Boom 1000 Index,CLOSE,0.2,14842.711,stop
1772426400,Boom 1000 Index,BUY,0.2,14804.332,signal
1772426400,Boom 1000 Index,CLOSE,0.2,14840.896,stop
1772426700,Boom 1000 Index,BUY,0.2,14844.498,signal
1772427000,Boom 1000 Index,CLOSE,0.2,14859.43,stop
1772430000,Boom 1000 Index,BUY,0.2,14839.768,signal
1772430600,Boom 1000 Index,CLOSE,0.2,14829.768,stop
1772431800,Boom 1000 Index,BUY,0.2,14829.812,signal
1772431800,Boom 1000 Index,CLOSE,0.2,14844.184,stop
1772432100,Boom 1000 Index,BUY,0.2,14846.277,signal
1772432400,Boom 1000 Index,CLOSE,0.2,14850.243,stop
1772435700,Boom 1000 Index,BUY,0.2,14859.069,signal
1772436300,Boom 1000 Index,CLOSE,0.2,14849.069,stop
1772442000,Boom 1000 Index,BUY,0.2,14790.221,signal
1772442300,Boom 1000 Index,CLOSE,0.2,14814.222,stop
1772442600,Boom 1000 Index,BUY,0.2,14818.657,signal
1772443200,Boom 1000 Index,CLOSE,0.2,14808.657,stop
1772446200,Boom 1000 Index,BUY,0.2,14798.414,signal
1772446800,Boom 1000 Index,CLOSE,0.2,14824.042,stop
1772447100,Boom 1000 Index,BUY,0.2,14827.751,signal
1772448600,Boom 1000 Index,CLOSE,0.2,14817.751,stop
1772449500,Boom 1000 Index,BUY,0.2,14822.849,signal
1772449800,Boom 1000 Index,CLOSE,0.2,14840.88,stop
1772450100,Boom 1000 Index,BUY,0.2,14843.396,signal
1772450700,Boom 1000 Index,CLOSE,0.2,14833.396,stop
1772454300,Boom 1000 Index,BUY,0.2,14816.816,signal
1772454600,Boom 1000 Index,CLOSE,0.2,14831.144,stop
1772454900,Boom 1000 Index,BUY,0.2,14834.122,signal
1772455500,Boom 1000 Index,CLOSE,0.2,14824.122,stop
1772456400,Boom 1000 Index,BUY,0.2,14825.009,signal
1772456400,Boom 1000 Index,CLOSE,0.2,14852.199,stop
1772460000,Boom 1000 Index,BUY,0.2,14846.584,signal
1772460600,Boom 1000 Index,CLOSE,0.2,14836.584,stop
1772468700,Boom 1000 Index,BUY,0.2,14797.811,signal
1772469000,Boom 1000 Index,CLOSE,0.2,14800.535,stop
1772471100,Boom 1000 Index,BUY,0.2,14794.145,signal
1772471100,Boom 1000 Index,CLOSE,0.2,14828.194,stop
1772471400,Boom 1000 Index,BUY,0.2,14832.107,signal
1772471700,Boom 1000 Index,CLOSE,0.2,14851.492,stop
1772472000,Boom 1000 Index,BUY,0.2,14853.582,signal
1772472600,Boom 1000 Index,CLOSE,0.2,14843.582,stop
1772473500,Boom 1000 Index,BUY,0.2,14860.078,signal
1772474100,Boom 1000 Index,CLOSE,0.2,14850.078,stop
1772483700,Boom 1000 Index,BUY,0.2,14861.452,signal
1772484300,Boom 1000 Index,CLOSE,0.2,14851.452,stop
1772487900,Boom 1000 Index,BUY,0.2,14831.785,signal
1772487900,Boom 1000 Index,CLOSE,0.2,14870.994,stop
1772488200,Boom 1000 Index,BUY,0.2,14871.441,signal
1772488800,Boom 1000 Index,CLOSE,0.2,14871.763,stop
1772495100,Boom 1000 Index,BUY,0.2,14826.143,signal
1772495700,Boom 1000 Index,CLOSE,0.2,14816.143,stop
1772512500,Boom 1000 Index,BUY,0.2,14731.429,signal
1772512800,Boom 1000 Index,CLOSE,0.2,14742.844,stop
1772513100,Boom 1000 Index,BUY,0.2,14746.661,signal
1772513700,Boom 1000 Index,CLOSE,0.2,14736.661,stop
1772516100,Boom 1000 Index,BUY,0.2,14744.367,signal
1772516100,Boom 1000 Index,CLOSE,0.2,14744.509,stop
1772518800,Boom 1000 Index,BUY,0.2,14744.315,signal
1772518800,Boom 1000 Index,CLOSE,0.2,14754.826,stop
1772519100,Boom 1000 Index,BUY,0.2,14758.839,signal
1772519100,Boom 1000 Index,CLOSE,0.2,14774.481,stop
1772519400,Boom 1000 Index,BUY,0.2,14776.281,signal
1772520000,Boom 1000 Index,CLOSE,0.2,14766.281,stop
1772535600,Boom 1000 Index,BUY,0.2,14801.087,signal
1772536200,Boom 1000 Index,CLOSE,0.2,14791.087,stop
1772556600,Boom 1000 Index,SELL,0.2,14697.947,signal
1772557800,Boom 1000 Index,CLOSE,0.2,14686.641,stop
1772562600,Boom 1000 Index,SELL,0.2,14701.015,signal
1772563800,Boom 1000 Index,CLOSE,0.2,14686.232,stop
1772569200,Boom 1000 Index,SELL,0.2,14690.526,signal
1772570100,Boom 1000 Index,CLOSE,0.2,14672.526,takeprofit
1772570400,Boom 1000 Index,SELL,0.2,14672.371,signal
1772571600,Boom 1000 Index,CLOSE,0.2,14654.371,takeprofit
1772621400,Boom 1000 Index,SELL,0.2,14312.409,signal
1772622000,Boom 1000 Index,CLOSE,0.2,14306.057,stop
1772650200,Boom 1000 Index,SELL,0.2,14461.015,signal
1772650800,Boom 1000 Index,CLOSE,0.2,14457.666,stop
1772651400,Boom 1000 Index,SELL,0.2,14449.499,signal
1772652300,Boom 1000 Index,CLOSE,0.2,14438.765,stop
1772652900,Boom 1000 Index,SELL,0.2,14442.048,signal
1772654100,Boom 1000 Index,CLOSE,0.2,14424.048,takeprofit
1772654400,Boom 1000 Index,SELL,0.2,14423.983,signal
1772655300,Boom 1000 Index,CLOSE,0.2,14411.776,stop
1772665500,Boom 1000 Index,SELL,0.2,14398.048,signal
1772665500,Boom 1000 Index,CLOSE,0.2,14408.048,stop
1772675400,Boom 1000 Index,SELL,0.2,14419.815,signal
1772676000,Boom 1000 Index,CLOSE,0.2,14413.549,stop
1772691000,Boom 1000 Index,SELL,0.2,14422.414,signal
1772691300,Boom 1000 Index,CLOSE,0.2,14420.963,stop
1772693400,Boom 1000 Index,SELL,0.2,14404.021,signal
1772693400,Boom 1000 Index,CLOSE,0.2,14414.021,stop
1772710500,Boom 1000 Index,SELL,0.2,14413.138,signal
1772711400,Boom 1000 Index,CLOSE,0.2,14423.138,stop
1772715900,Boom 1000 Index,SELL,0.2,14406.969,signal
1772717100,Boom 1000 Index,CLOSE,0.2,14388.969,takeprofit
1772736000,Boom 1000 Index,SELL,0.2,14335.318,signal
1772736900,Boom 1000 Index,CLOSE,0.2,14323.527,stop
1772741700,Boom 1000 Index,SELL,0.2,14304.092,signal
1772742900,Boom 1000 Index,CLOSE,0.2,14291.915,stop
1772753700,Boom 1000 Index,SELL,0.2,14318.615,signal
1772754000,Boom 1000 Index,CLOSE,0.2,14318.041,stop
1772754600,Boom 1000 Index,SELL,0.2,14320.501,signal
1772755200,Boom 1000 Index,CLOSE,0.2,14316.783,stop
1772768100,Boom 1000 Index,SELL,0.2,14350.817,signal
1772769300,Boom 1000 Index,CLOSE,0.2,14332.817,takeprofit
1772769600,Boom 1000 Index,SELL,0.2,14340.531,signal
1772769600,Boom 1000 Index,CLOSE,0.2,14350.531,stop
1772776800,Boom 1000 Index,SELL,0.2,14374.901,signal
1772776800,Boom 1000 Index,CLOSE,0.2,14384.901,stop
1772778000,Boom 1000 Index,SELL,0.2,14374.582,signal
1772779200,Boom 1000 Index,CLOSE,0.2,14356.582,takeprofit
1772779500,Boom 1000 Index,SELL,0.2,14353.07,signal
1772780100,Boom 1000 Index,CLOSE,0.2,14345.519,stop
1772781300,Boom 1000 Index,SELL,0.2,14343.815,signal
1772782500,Boom 1000 Index,CLOSE,0.2,14325.815,takeprofit
1772782800,Boom 1000 Index,SELL,0.2,14321.937,signal
1772784000,Boom 1000 Index,CLOSE,0.2,14308.079,stop
1772800500,Boom 1000 Index,SELL,0.2,14347.018,signal
1772801700,Boom 1000 Index,CLOSE,0.2,14329.018,takeprofit
1772817000,Boom 1000 Index,SELL,0.2,14343.33,signal
1772818200,Boom 1000 Index,CLOSE,0.2,14325.33,takeprofit
1772818500,Boom 1000 Index,SELL,0.2,14323.976,signal
1772819700,Boom 1000 Index,CLOSE,0.2,14305.976,takeprofit
1772822100,Boom 1000 Index,SELL,0.2,14297.197,signal
1772822400,Boom 1000 Index,CLOSE,0.2,14295.602,stop
1772833200,Boom 1000 Index,SELL,0.2,14321.866,signal
1772834400,Boom 1000 Index,CLOSE,0.2,14306.668,stop
1772835000,Boom 1000 Index,SELL,0.2,14304.188,signal
1772835600,Boom 1000 Index,CLOSE,0.2,14297.892,stop
1772837400,Boom 1000 Index,SELL,0.2,14282.628,signal
1772837400,Boom 1000 Index,CLOSE,0.2,14292.628,stop
1772858700,Boom 1000 Index,SELL,0.2,14449.36,signal
1772859000,Boom 1000 Index,CLOSE,0.2,14459.36,stop
1772865000,Boom 1000 Index,SELL,0.2,14485.167,signal
1772866200,Boom 1000 Index,CLOSE,0.2,14470.499,stop
1772867400,Boom 1000 Index,SELL,0.2,14480.66,signal
1772868600,Boom 1000 Index,CLOSE,0.2,14462.66,takeprofit
1772868900,Boom 1000 Index,SELL,0.2,14458.47,signal
1772869500,Boom 1000 Index,CLOSE,0.2,14453.942,stop
1772925000,Boom 1000 Index,SELL,0.2,14129.666,signal
1772925000,Boom 1000 Index,CLOSE,0.2,14139.666,stop
1772933700,Boom 1000 Index,SELL,0.2,14170.184,signal
1772934900,Boom 1000 Index,CLOSE,0.2,14152.184,takeprofit
1772935200,Boom 1000 Index,SELL,0.2,14148.693,signal
1772935800,Boom 1000 Index,CLOSE,0.2,14141.182,stop
1772937000,Boom 1000 Index,SELL,0.2,14153.973,signal
1772937000,Boom 1000 Index,CLOSE,0.2,14163.973,stop
1772960700,Boom 1000 Index,SELL,0.2,14223.047,signal
1772960700,Boom 1000 Index,CLOSE,0.2,14233.047,stop
1772961600,Boom 1000 Index,SELL,0.2,14231.97,signal
1772961900,Boom 1000 Index,CLOSE,0.2,14231.336,stop
1772979900,Boom 1000 Index,SELL,0.2,14303.789,signal
1772980500,Boom 1000 Index,CLOSE,0.2,14297.982,stop
1772988300,Boom 1000 Index,SELL,0.2,14300.083,signal
1772988900,Boom 1000 Index,CLOSE,0.2,14292.443,stop
1772989800,Boom 1000 Index,SELL,0.2,14292.507,signal
1772991000,Boom 1000 Index,CLOSE,0.2,14274.507,takeprofit
1772992200,Boom 1000 Index,SELL,0.2,14258.01,signal
1772992500,Boom 1000 Index,CLOSE,0.2,14268.01,stop
1773018000,Boom 1000 Index,SELL,0.2,14176.299,signal
1773019200,Boom 1000 Index,CLOSE,0.2,14159.993,stop
1773019800,Boom 1000 Index,SELL,0.2,14174.228,signal
1773020100,Boom 1000 Index,CLOSE,0.2,14184.228,stop
1773026700,Boom 1000 Index,SELL,0.2,14179.85,signal
1773027900,Boom 1000 Index,CLOSE,0.2,14169.957,stop
1773034500,Boom 1000 Index,SELL,0.2,14194.999,signal
1773035700,Boom 1000 Index,CLOSE,0.2,14176.999,takeprofit
1773036300,Boom 1000 Index,SELL,0.2,14170.778,signal
1773037500,Boom 1000 Index,CLOSE,0.2,14152.778,takeprofit
1773037800,Boom 1000 Index,SELL,0.2,14149.701,signal
1773039000,Boom 1000 Index,CLOSE,0.2,14131.701,takeprofit
1773039900,Boom 1000 Index,SELL,0.2,14123.453,signal
1773040200,Boom 1000 Index,CLOSE,0.2,14122.744,stop
1773048900,Boom 1000 Index,SELL,0.2,14165.543,signal
1773050100,Boom 1000 Index,CLOSE,0.2,14147.543,takeprofit
1773050400,Boom 1000 Index,SELL,0.2,14144.392,signal
1773051000,Boom 1000 Index,CLOSE,0.2,14138.735,stop
1773052800,Boom 1000 Index,SELL,0.2,14137.613,signal
1773053100,Boom 1000 Index,CLOSE,0.2,14134.43,stop
1773085200,Boom 1000 Index,SELL,0.2,14169.307,signal
1773085800,Boom 1000 Index,CLOSE,0.2,14161.749,stop
1773097800,Boom 1000 Index,SELL,0.2,14141.021,signal
1773098100,Boom 1000 Index,CLOSE,0.2,14137.941,stop
1773110100,Boom 1000 Index,SELL,0.2,14082.192,signal
1773110400,Boom 1000 Index,CLOSE,0.2,14092.192,stop
1773132000,Boom 1000 Index,SELL,0.2,14209.087,signal
1773133200,Boom 1000 Index,CLOSE,0.2,14191.087,takeprofit
1773133500,Boom 1000 Index,SELL,0.2,14187.544,signal
1773133800,Boom 1000 Index,CLOSE,0.2,14197.544,stop
1773153600,Boom 1000 Index,SELL,0.2,14251.186,signal
1773154800,Boom 1000 Index,CLOSE,0.2,14237.089,stop
1773155700,Boom 1000 Index,SELL,0.2,14249.365,signal
1773156300,Boom 1000 Index,CLOSE,0.2,14243.753,stop
1773168900,Boom 1000 Index,SELL,0.2,14263.709,signal
1773169500,Boom 1000 Index,CLOSE,0.2,14258.752,stop
1773171900,Boom 1000 Index,SELL,0.2,14243.769,signal
1773171900,Boom 1000 Index,CLOSE,0.2,14253.769,stop
1773174900,Boom 1000 Index,BUY,0.2,14234.686,signal
1773174900,Boom 1000 Index,CLOSE,0.2,14249.272,stop
1773175200,Boom 1000 Index,BUY,0.2,14254.148,signal
1773175800,Boom 1000 Index,CLOSE,0.2,14244.148,stop
1773176700,Boom 1000 Index,BUY,0.2,14287.064,signal
1773176700,Boom 1000 Index,CLOSE,0.2,14291.508,stop
1773178800,Boom 1000 Index,BUY,0.2,14304.383,signal
1773178800,Boom 1000 Index,CLOSE,0.2,14313.95,stop
1773179100,Boom 1000 Index,BUY,0.2,14314.963,signal
1773179400,Boom 1000 Index,CLOSE,0.2,14331.665,stop
1773195900,Boom 1000 Index,BUY,0.2,14378.185,signal
1773196500,Boom 1000 Index,CLOSE,0.2,14368.185,stop
1773199800,Boom 1000 Index,BUY,0.2,14388.392,signal
1773200400,Boom 1000 Index,CLOSE,0.2,14378.392,stop
1773203400,Boom 1000 Index,SELL,0.2,14356.055,signal
1773204300,Boom 1000 Index,CLOSE,0.2,14345.654,stop
1773218700,Boom 1000 Index,BUY,0.2,14327.297,signal
1773219000,Boom 1000 Index,CLOSE,0.2,14338.705,stop
1773219300,Boom 1000 Index,BUY,0.2,14343.31,signal
1773219300,Boom 1000 Index,CLOSE,0.2,14344.692,stop
1773221100,Boom 1000 Index,BUY,0.2,14343.646,signal
1773221700,Boom 1000 Index,CLOSE,0.2,14333.646,stop
1773250200,Boom 1000 Index,BUY,0.2,14530.55,signal
1773250800,Boom 1000 Index,CLOSE,0.2,14520.55,stop
1773251100,Boom 1000 Index,BUY,0.2,14526.374,signal
1773251100,Boom 1000 Index,CLOSE,0.2,14545.739,stop
1773251400,Boom 1000 Index,BUY,0.2,14549.654,signal
1773252000,Boom 1000 Index,CLOSE,0.2,14539.654,stop
1773254400,Boom 1000 Index,BUY,0.2,14517.094,signal
1773255000,Boom 1000 Index,CLOSE,0.2,14507.094,stop
1773258300,Boom 1000 Index,BUY,0.2,14470.525,signal
1773258300,Boom 1000 Index,CLOSE,0.2,14498.687,stop
1773258600,Boom 1000 Index,BUY,0.2,14502.537,signal
1773258600,Boom 1000 Index,CLOSE,0.2,14517.154,stop
1773258900,Boom 1000 Index,BUY,0.2,14518.068,signal
1773259500,Boom 1000 Index,CLOSE,0.2,14508.068,stop
1773265500,Boom 1000 Index,BUY,0.2,14501.858,signal
1773266100,Boom 1000 Index,CLOSE,0.2,14491.858,stop
1773266700,Boom 1000 Index,BUY,0.2,14500.57,signal
1773267300,Boom 1000 Index,CLOSE,0.2,14543.678,stop
1773280800,Boom 1000 Index,BUY,0.2,14569.19,signal
1773281400,Boom 1000 Index,CLOSE,0.2,14559.19,stop
1773282900,Boom 1000 Index,BUY,0.2,14577.26,signal
1773283500,Boom 1000 Index,CLOSE,0.2,14567.26,stop
1773288000,Boom 1000 Index,BUY,0.2,14519.673,signal
1773288000,Boom 1000 Index,CLOSE,0.2,14533.152,stop
1773288300,Boom 1000 Index,BUY,0.2,14537.62,signal
1773288900,Boom 1000 Index,CLOSE,0.2,14527.62,stop
1773290700,Boom 1000 Index,BUY,0.2,14608.284,signal
1773291300,Boom 1000 Index,CLOSE,0.2,14598.284,stop
1773293100,Boom 1000 Index,BUY,0.2,14612.809,signal
1773293700,Boom 1000 Index,CLOSE,0.2,14602.809,stop
1773296100,Boom 1000 Index,BUY,0.2,14587.347,signal
1773296700,Boom 1000 Index,CLOSE,0.2,14577.347,stop
1773311700,Boom 1000 Index,BUY,0.2,14640.383,signal
1773311700,Boom 1000 Index,CLOSE,0.2,14657.429,stop
1773312000,Boom 1000 Index,BUY,0.2,14659.361,signal
1773312000,Boom 1000 Index,CLOSE,0.2,14681.3,stop
1773312300,Boom 1000 Index,BUY,0.2,14683.471,signal
1773312900,Boom 1000 Index,CLOSE,0.2,14686.06,stop
1773316800,Boom 1000 Index,BUY,0.2,14667.338,signal
1773317400,Boom 1000 Index,CLOSE,0.2,14669.774,stop
1773317700,Boom 1000 Index,BUY,0.2,14670.595,signal
1773318300,Boom 1000 Index,CLOSE,0.2,14660.595,stop
1773318600,Boom 1000 Index,BUY,0.2,14668.442,signal
1773319200,Boom 1000 Index,CLOSE,0.2,14658.442,stop
1773324300,Boom 1000 Index,BUY,0.2,14714.856,signal
1773324900,Boom 1000 Index,CLOSE,0.2,14704.856,stop
1773334200,Boom 1000 Index,BUY,0.2,14699.901,signal
1773334800,Boom 1000 Index,CLOSE,0.2,14689.901,stop
1773336600,Boom 1000 Index,BUY,0.2,14677.294,signal
1773336600,Boom 1000 Index,CLOSE,0.2,14680.117,stop
1773336900,Boom 1000 Index,BUY,0.2,14684.95,signal
1773336900,Boom 1000 Index,CLOSE,0.2,14694.288,stop
1773337200,Boom 1000 Index,BUY,0.2,14699.106,signal
1773337500,Boom 1000 Index,CLOSE,0.2,14718.349,stop
1773337800,Boom 1000 Index,BUY,0.2,14720.981,signal
1773338400,Boom 1000 Index,CLOSE,0.2,14710.981,stop
1773341100,Boom 1000 Index,BUY,0.2,14734.558,signal
1773341100,Boom 1000 Index,CLOSE,0.2,14741.62,stop
1773341400,Boom 1000 Index,BUY,0.2,14743.709,signal
1773341400,Boom 1000 Index,CLOSE,0.2,14759.798,stop
1773341700,Boom 1000 Index,BUY,0.2,14761.405,signal
1773341700,Boom 1000 Index,CLOSE,0.2,14763.578,stop
1773351300,Boom 1000 Index,BUY,0.2,14720.571,signal
1773351600,Boom 1000 Index,CLOSE,0.2,14735.235,stop
1773351900,Boom 1000 Index,BUY,0.2,14737.418,signal
1773351900,Boom 1000 Index,CLOSE,0.2,14742.422,stop
1773354600,Boom 1000 Index,BUY,0.2,14729.76,signal
1773355800,Boom 1000 Index,CLOSE,0.2,14729.818,stop
1773357000,Boom 1000 Index,BUY,0.2,14745.259,signal
1773357600,Boom 1000 Index,CLOSE,0.2,14735.259,stop
1773358800,Boom 1000 Index,BUY,0.2,14744.739,signal
1773359400,Boom 1000 Index,CLOSE,0.2,14734.739,stop
1773360000,Boom 1000 Index,BUY,0.2,14744.053,signal
1773360600,Boom 1000 Index,CLOSE,0.2,14734.053,stop
1773361800,Boom 1000 Index,BUY,0.2,14737.435,signal
1773362400,Boom 1000 Index,CLOSE,0.2,14727.435,stop
1773363600,Boom 1000 Index,BUY,0.2,14732.462,signal
1773363900,Boom 1000 Index,CLOSE,0.2,14740.132,stop
1773364200,Boom 1000 Index,BUY,0.2,14744.718,signal
1773364200,Boom 1000 Index,CLOSE,0.2,14759.423,stop
1773364500,Boom 1000 Index,BUY,0.2,14763.249,signal
1773364800,Boom 1000 Index,CLOSE,0.2,14799.789,stop
1773377700,Boom 1000 Index,BUY,0.2,14855.54,signal
1773378000,Boom 1000 Index,CLOSE,0.2,14877.534,stop
1773378300,Boom 1000 Index,BUY,0.2,14879.519,signal
1773378900,Boom 1000 Index,CLOSE,0.2,14869.519,stop
1773392700,Boom 1000 Index,BUY,0.2,14865.344,signal
1773393300,Boom 1000 Index,CLOSE,0.2,14855.344,stop
1773394500,Boom 1000 Index,BUY,0.2,14869.05,signal
1773394500,Boom 1000 Index,CLOSE,0.2,14877.558,stop
1773394800,Boom 1000 Index,BUY,0.2,14881.108,signal
1773395400,Boom 1000 Index,CLOSE,0.2,14871.108,stop
1773398700,Boom 1000 Index,BUY,0.2,14835.15,signal
1773399300,Boom 1000 Index,CLOSE,0.2,14825.15,stop
1773399900,Boom 1000 Index,BUY,0.2,14845.812,signal
1773399900,Boom 1000 Index,CLOSE,0.2,14865.257,stop
1773400200,Boom 1000 Index,BUY,0.2,14867.694,signal
1773400800,Boom 1000 Index,CLOSE,0.2,14857.694,stop
1773402600,Boom 1000 Index,BUY,0.2,14870.772,signal
1773403200,Boom 1000 Index,CLOSE,0.2,14860.772,stop
1773405300,Boom 1000 Index,BUY,0.2,14853.308,signal
1773405300,Boom 1000 Index,CLOSE,0.2,14858.819,stop
1773405600,Boom 1000 Index,BUY,0.2,14860.47,signal
1773405600,Boom 1000 Index,CLOSE,0.2,14863.298,stop
1773407700,Boom 1000 Index,BUY,0.2,14856.499,signal
1773408300,Boom 1000 Index,CLOSE,0.2,14846.499,stop
1773408600,Boom 1000 Index,BUY,0.2,14857.457,signal
1773408900,Boom 1000 Index,CLOSE,0.2,14867.182,stop
1773409200,Boom 1000 Index,BUY,0.2,14871.321,signal
1773409200,Boom 1000 Index,CLOSE,0.2,14883.442,stop
1773409500,Boom 1000 Index,BUY,0.2,14887.502,signal
1773410100,Boom 1000 Index,CLOSE,0.2,14877.502,stop
1773416100,Boom 1000 Index,BUY,0.2,14888.532,signal
1773416700,Boom 1000 Index,CLOSE,0.2,14910.074,stop
1773424500,Boom 1000 Index,BUY,0.2,14852.792,signal
1773424500,Boom 1000 Index,CLOSE,0.2,14863.729,stop
1773424800,Boom 1000 Index,BUY,0.2,14867.665,signal
1773425100,Boom 1000 Index,CLOSE,0.2,14877.475,stop
1773425400,Boom 1000 Index,BUY,0.2,14881.838,signal
1773425400,Boom 1000 Index,CLOSE,0.2,14900.105,stop
1773425700,Boom 1000 Index,BUY,0.2,14901.873,signal
1773426300,Boom 1000 Index,CLOSE,0.2,14891.873,stop
1773430200,Boom 1000 Index,BUY,0.2,14861.022,signal
1773430200,Boom 1000 Index,CLOSE,0.2,14866.888,stop
1773430500,Boom 1000 Index,BUY,0.2,14867.259,signal
1773430500,Boom 1000 Index,CLOSE,0.2,14878.632,stop
1773430800,Boom 1000 Index,BUY,0.2,14881.549,signal
1773431400,Boom 1000 Index,CLOSE,0.2,14871.549,stop
1773433500,Boom 1000 Index,BUY,0.2,14859.71,signal
1773433500,Boom 1000 Index,CLOSE,0.2,14883.713,stop
1773433800,Boom 1000 Index,BUY,0.2,14885.298,signal
1773434100,Boom 1000 Index,CLOSE,0.2,14898.03,stop
1773434400,Boom 1000 Index,BUY,0.2,14900.004,signal
1773435000,Boom 1000 Index,CLOSE,0.2,14890.004,stop
1773438300,Boom 1000 Index,BUY,0.2,14914.643,signal
1773438300,Boom 1000 Index,CLOSE,0.2,14921.104,stop
1773438600,Boom 1000 Index,BUY,0.2,14922.473,signal
1773438600,Boom 1000 Index,CLOSE,0.2,14925.529,stop
1773443400,Boom 1000 Index,BUY,0.2,14891.463,signal
1773443400,Boom 1000 Index,CLOSE,0.2,14914.805,stop
1773443700,Boom 1000 Index,BUY,0.2,14919.737,signal
1773443700,Boom 1000 Index,CLOSE,0.2,14927.084,stop
1773468900,Boom 1000 Index,BUY,0.2,15058.257,signal
1773469500,Boom 1000 Index,CLOSE,0.2,15048.257,stop
1773471000,Boom 1000 Index,BUY,0.2,15059.326,signal
1773471000,Boom 1000 Index,CLOSE,0.2,15066.87,stop
1773471300,Boom 1000 Index,BUY,0.2,15070.251,signal
1773471900,Boom 1000 Index,CLOSE,0.2,15060.251,stop
1773474300,Boom 1000 Index,BUY,0.2,15045.357,signal
1773474900,Boom 1000 Index,CLOSE,0.2,15059.422,stop
1773475200,Boom 1000 Index,BUY,0.2,15062.129,signal
1773475800,Boom 1000 Index,CLOSE,0.2,15052.129,stop
1773477000,Boom 1000 Index,BUY,0.2,15052.218,signal
1773477600,Boom 1000 Index,CLOSE,0.2,15042.218,stop
1773482100,Boom 1000 Index,BUY,0.2,15042.896,signal
1773482400,Boom 1000 Index,CLOSE,0.2,15048.849,stop
1773485400,Boom 1000 Index,BUY,0.2,15040.888,signal
1773485400,Boom 1000 Index,CLOSE,0.2,15043.756,stop
1773485700,Boom 1000 Index,BUY,0.2,15048.481,signal
1773486000,Boom 1000 Index,CLOSE,0.2,15077.533,stop
1773486300,Boom 1000 Index,BUY,0.2,15082.512,signal
1773486900,Boom 1000 Index,CLOSE,0.2,15072.512,stop
1773487800,Boom 1000 Index,BUY,0.2,15095.232,signal
1773488400,Boom 1000 Index,CLOSE,0.2,15108.138,stop
1773505500,Boom 1000 Index,BUY,0.2,15148.121,signal
1773505500,Boom 1000 Index,CLOSE,0.2,15156.704,stop
1773505800,Boom 1000 Index,BUY,0.2,15158.583,signal
1773506100,Boom 1000 Index,CLOSE,0.2,15180.201,stop
1773506400,Boom 1000 Index,BUY,0.2,15182.558,signal
1773506700,Boom 1000 Index,CLOSE,0.2,15202.226,stop
1773512100,Boom 1000 Index,BUY,0.2,15150.598,signal
1773512700,Boom 1000 Index,CLOSE,0.2,15140.598,stop
1773516000,Boom 1000 Index,BUY,0.2,15142.513,signal
1773516600,Boom 1000 Index,CLOSE,0.2,15132.513,stop
1773517500,Boom 1000 Index,BUY,0.2,15144.921,signal
1773518100,Boom 1000 Index,CLOSE,0.2,15134.921,stop
1773522600,Boom 1000 Index,BUY,0.2,15110.117,signal
1773523200,Boom 1000 Index,CLOSE,0.2,15116.652,stop
1773523500,Boom 1000 Index,BUY,0.2,15117.97,signal
1773523500,Boom 1000 Index,CLOSE,0.2,15153.415,stop
1773523800,Boom 1000 Index,BUY,0.2,15156.271,signal
1773524100,Boom 1000 Index,CLOSE,0.2,15194.945,stop
1773558900,Boom 1000 Index,BUY,0.2,15364.763,signal
1773558900,Boom 1000 Index,CLOSE,0.2,15370.17,stop
1773560100,Boom 1000 Index,BUY,0.2,15373.167,signal
1773560100,Boom 1000 Index,CLOSE,0.2,15394.202,stop
1773560400,Boom 1000 Index,BUY,0.2,15397.308,signal
1773561000,Boom 1000 Index,CLOSE,0.2,15387.308,stop
1773562200,Boom 1000 Index,BUY,0.2,15396.252,signal
1773562800,Boom 1000 Index,CLOSE,0.2,15386.252,stop
1773567600,Boom 1000 Index,BUY,0.2,15342.438,signal
1773568200,Boom 1000 Index,CLOSE,0.2,15332.438,stop
1773570300,Boom 1000 Index,BUY,0.2,15331.86,signal
1773570900,Boom 1000 Index,CLOSE,0.2,15321.86,stop
1773572400,Boom 1000 Index,BUY,0.2,15326.176,signal
1773573000,Boom 1000 Index,CLOSE,0.2,15316.176,stop
1773574800,Boom 1000 Index,BUY,0.2,15329.548,signal
1773575400,Boom 1000 Index,CLOSE,0.2,15319.548,stop
1773576300,Boom 1000 Index,BUY,0.2,15337.231,signal
1773576900,Boom 1000 Index,CLOSE,0.2,15327.231,stop
1773579300,Boom 1000 Index,BUY,0.2,15343.441,signal
1773579900,Boom 1000 Index,CLOSE,0.2,15333.441,stop
1773584700,Boom 1000 Index,BUY,0.2,15305.137,signal
1773585300,Boom 1000 Index,CLOSE,0.2,15295.137,stop
1773587100,Boom 1000 Index,BUY,0.2,15291.57,signal
1773587700,Boom 1000 Index,CLOSE,0.2,15281.57,stop
1773589200,Boom 1000 Index,BUY,0.2,15286.144,signal
1773589800,Boom 1000 Index,CLOSE,0.2,15276.144,stop
1773594000,Boom 1000 Index,BUY,0.2,15249.627,signal
1773594000,Boom 1000 Index,CLOSE,0.2,15255.781,stop
1773598500,Boom 1000 Index,BUY,0.2,15222.052,signal
1773599100,Boom 1000 Index,CLOSE,0.2,15212.052,stop
1773600300,Boom 1000 Index,BUY,0.2,15235.865,signal
1773600900,Boom 1000 Index,CLOSE,0.2,15225.865,stop
1773603000,Boom 1000 Index,BUY,0.2,15224.065,signal
1773603600,Boom 1000 Index,CLOSE,0.2,15214.065,stop
1773607800,Boom 1000 Index,BUY,0.2,15171.148,signal
1773607800,Boom 1000 Index,CLOSE,0.2,15193.886,stop
1773608100,Boom 1000 Index,BUY,0.2,15196.251,signal
1773608400,Boom 1000 Index,CLOSE,0.2,15197.401,stop
1773609600,Boom 1000 Index,BUY,0.2,15214.964,signal
1773609600,Boom 1000 Index,CLOSE,0.2,15238.821,stop
1773609900,Boom 1000 Index,BUY,0.2,15242.172,signal
1773610500,Boom 1000 Index,CLOSE,0.2,15232.172,stop
1773612300,Boom 1000 Index,BUY,0.2,15252.328,signal
1773612300,Boom 1000 Index,CLOSE,0.2,15253.199,stop
1773615600,Boom 1000 Index,BUY,0.2,15234.67,signal
1773616200,Boom 1000 Index,CLOSE,0.2,15224.67,stop
1773621000,Boom 1000 Index,BUY,0.2,15178.306,signal
1773621300,Boom 1000 Index,CLOSE,0.2,15197.22,stop
1773621600,Boom 1000 Index,BUY,0.2,15201.651,signal
1773621900,Boom 1000 Index,CLOSE,0.2,15214.055,stop
1773622200,Boom 1000 Index,BUY,0.2,15218.824,signal
1773622800,Boom 1000 Index,CLOSE,0.2,15208.824,stop
1773623700,Boom 1000 Index,BUY,0.2,15222.088,signal
1773623700,Boom 1000 Index,CLOSE,0.2,15227.788,stop
1773624900,Boom 1000 Index,BUY,0.2,15254.952,signal
1773625500,Boom 1000 Index,CLOSE,0.2,15244.952,stop
1773626400,Boom 1000 Index,BUY,0.2,15273.37,signal
1773627000,Boom 1000 Index,CLOSE,0.2,15263.37,stop
1773627900,Boom 1000 Index,BUY,0.2,15269.124,signal
1773628500,Boom 1000 Index,CLOSE,0.2,15259.124,stop
1773635400,Boom 1000 Index,BUY,0.2,15226.904,signal
1773636000,Boom 1000 Index,CLOSE,0.2,15216.904,stop
1773646200,Boom 1000 Index,BUY,0.2,15129.24,signal
1773646200,Boom 1000 Index,CLOSE,0.2,15135.169,stop
1773647400,Boom 1000 Index,BUY,0.2,15150.292,signal
1773648000,Boom 1000 Index,CLOSE,0.2,15140.292,stop
1773648900,Boom 1000 Index,BUY,0.2,15150.144,signal
1773649500,Boom 1000 Index,CLOSE,0.2,15140.144,stop
1773654000,Boom 1000 Index,BUY,0.2,15103.901,signal
1773654000,Boom 1000 Index,CLOSE,0.2,15128.948,stop
1773654300,Boom 1000 Index,BUY,0.2,15129.749,signal
1773654900,Boom 1000 Index,CLOSE,0.2,15119.749,stop
1773655800,Boom 1000 Index,BUY,0.2,15183.951,signal
1773656100,Boom 1000 Index,CLOSE,0.2,15202.985,stop
1773669000,Boom 1000 Index,BUY,0.2,15167.082,signal
1773669600,Boom 1000 Index,CLOSE,0.2,15157.082,stop
1773670800,Boom 1000 Index,BUY,0.2,15168.077,signal
1773670800,Boom 1000 Index,CLOSE,0.2,15187.023,stop
1773671100,Boom 1000 Index,BUY,0.2,15187.874,signal
1773671700,Boom 1000 Index,CLOSE,0.2,15177.874,stop
1773677400,Boom 1000 Index,BUY,0.2,15158.775,signal
1773678000,Boom 1000 Index,CLOSE,0.2,15166.198,stop
1773678300,Boom 1000 Index,BUY,0.2,15169.09,signal
1773678300,Boom 1000 Index,CLOSE,0.2,15182.125,stop
1773678600,Boom 1000 Index,BUY,0.2,15187.001,signal
1773678600,Boom 1000 Index,CLOSE,0.2,15191.621,stop
1773678900,Boom 1000 Index,BUY,0.2,15196.125,signal
1773678900,Boom 1000 Index,CLOSE,0.2,15203.701,stop
1773679200,Boom 1000 Index,BUY,0.2,15208.371,signal
1773679800,Boom 1000 Index,CLOSE,0.2,15198.371,stop
1773691200,Boom 1000 Index,BUY,0.2,15199.585,signal
1773691500,Boom 1000 Index,CLOSE,0.2,15224.914,stop
1773691800,Boom 1000 Index,BUY,0.2,15229.117,signal
1773692400,Boom 1000 Index,CLOSE,0.2,15219.117,stop
1773693300,Boom 1000 Index,BUY,0.2,15234.995,signal
1773693900,Boom 1000 Index,CLOSE,0.2,15224.995,stop
1773699900,Boom 1000 Index,BUY,0.2,15207.914,signal
1773700500,Boom 1000 Index,CLOSE,0.2,15197.914,stop
1773703500,Boom 1000 Index,BUY,0.2,15212.786,signal
1773703500,Boom 1000 Index,CLOSE,0.2,15216.496,stop
1773708000,Boom 1000 Index,BUY,0.2,15222.995,signal
1773708000,Boom 1000 Index,CLOSE,0.2,15251.794,stop
1773708300,Boom 1000 Index,BUY,0.2,15252.751,signal
1773708600,Boom 1000 Index,CLOSE,0.2,15253.951,stop
1773725400,Boom 1000 Index,BUY,0.2,15279.751,signal
1773726000,Boom 1000 Index,CLOSE,0.2,15298.038,stop
1773730800,Boom 1000 Index,BUY,0.2,15311.578,signal
1773731400,Boom 1000 Index,CLOSE,0.2,15362.193,stop
1773746100,Boom 1000 Index,BUY,0.2,15368.677,signal
1773746100,Boom 1000 Index,CLOSE,0.2,15412.819,stop
1773746400,Boom 1000 Index,BUY,0.2,15414.838,signal
1773746700,Boom 1000 Index,CLOSE,0.2,15423.419,stop
1773747000,Boom 1000 Index,BUY,0.2,15424.407,signal
1773747600,Boom 1000 Index,CLOSE,0.2,15414.407,stop
1773753000,Boom 1000 Index,BUY,0.2,15353.87,signal
1773753300,Boom 1000 Index,CLOSE,0.2,15357.99,stop
1773756000,Boom 1000 Index,BUY,0.2,15341.108,signal
1773756900,Boom 1000 Index,CLOSE,0.2,15331.108,stop
1773758100,Boom 1000 Index,BUY,0.2,15344.33,signal
1773758700,Boom 1000 Index,CLOSE,0.2,15334.33,stop
1773759300,Boom 1000 Index,BUY,0.2,15336.87,signal
1773759900,Boom 1000 Index,CLOSE,0.2,15341.545,stop
1773760200,Boom 1000 Index,BUY,0.2,15346.201,signal
1773760500,Boom 1000 Index,CLOSE,0.2,15348.337,stop
1773763200,Boom 1000 Index,BUY,0.2,15349.755,signal
1773763800,Boom 1000 Index,CLOSE,0.2,15339.755,stop
1773776700,Boom 1000 Index,BUY,0.2,15323.186,signal
1773777300,Boom 1000 Index,CLOSE,0.2,15313.186,stop
1773779400,Boom 1000 Index,BUY,0.2,15308.008,signal
1773779700,Boom 1000 Index,CLOSE,0.2,15331.131,stop
1773780000,Boom 1000 Index,BUY,0.2,15335.908,signal
1773780600,Boom 1000 Index,CLOSE,0.2,15325.908,stop
1773782100,Boom 1000 Index,BUY,0.2,15341.05,signal
1773783000,Boom 1000 Index,CLOSE,0.2,15367.897,stop
1773783300,Boom 1000 Index,BUY,0.2,15369.133,signal
1773783600,Boom 1000 Index,CLOSE,0.2,15391.741,stop
1773783900,Boom 1000 Index,BUY,0.2,15395.208,signal
1773784500,Boom 1000 Index,CLOSE,0.2,15385.208,stop
1773793200,Boom 1000 Index,BUY,0.2,15336.091,signal
1773794100,Boom 1000 Index,CLOSE,0.2,15326.091,stop
1773796800,Boom 1000 Index,BUY,0.2,15302.057,signal
1773797700,Boom 1000 Index,CLOSE,0.2,15292.057,stop
1773798300,Boom 1000 Index,BUY,0.2,15306.22,signal
1773798900,Boom 1000 Index,CLOSE,0.2,15296.22,stop
1773800100,Boom 1000 Index,BUY,0.2,15290.493,signal
1773800700,Boom 1000 Index,CLOSE,0.2,15280.493,stop
1773802500,Boom 1000 Index,BUY,0.2,15270.809,signal
1773803100,Boom 1000 Index,CLOSE,0.2,15260.809,stop
1773803700,Boom 1000 Index,BUY,0.2,15297.743,signal
1773804300,Boom 1000 Index,CLOSE,0.2,15287.743,stop
1773812700,Boom 1000 Index,BUY,0.2,15184.48,signal
1773814200,Boom 1000 Index,CLOSE,0.2,15193.024,stop
1773814500,Boom 1000 Index,BUY,0.2,15197.272,signal
1773815100,Boom 1000 Index,CLOSE,0.2,15187.272,stop
1773821100,Boom 1000 Index,BUY,0.2,15192.086,signal
1773821700,Boom 1000 Index,CLOSE,0.2,15182.086,stop
1773824100,Boom 1000 Index,BUY,0.2,15178.494,signal
1773824100,Boom 1000 Index,CLOSE,0.2,15201.626,stop
1773824400,Boom 1000 Index,BUY,0.2,15203.074,signal
1773825000,Boom 1000 Index,CLOSE,0.2,15193.074,stop
1773828000,Boom 1000 Index,BUY,0.2,15168.522,signal
1773828600,Boom 1000 Index,CLOSE,0.2,15158.522,stop
1773831600,Boom 1000 Index,BUY,0.2,15153.817,signal
1773831900,Boom 1000 Index,CLOSE,0.2,15159.579,stop
1773832200,Boom 1000 Index,BUY,0.2,15164.096,signal
1773832500,Boom 1000 Index,CLOSE,0.2,15171.006,stop
1773834300,Boom 1000 Index,BUY,0.2,15212.041,signal
1773834900,Boom 1000 Index,CLOSE,0.2,15202.041,stop
1773836700,Boom 1000 Index,BUY,0.2,15192.789,signal
1773837300,Boom 1000 Index,CLOSE,0.2,15182.789,stop
1773838800,Boom 1000 Index,BUY,0.2,15177.778,signal
1773839400,Boom 1000 Index,CLOSE,0.2,15167.778,stop
1773839700,Boom 1000 Index,BUY,0.2,15173.834,signal
1773840300,Boom 1000 Index,CLOSE,0.2,15163.834,stop
1773841800,Boom 1000 Index,BUY,0.2,15180.976,signal
1773841800,Boom 1000 Index,CLOSE,0.2,15192.246,stop
1773842100,Boom 1000 Index,BUY,0.2,15196.86,signal
1773842700,Boom 1000 Index,CLOSE,0.2,15186.86,stop
1773846900,Boom 1000 Index,BUY,0.2,15214.678,signal
1773847500,Boom 1000 Index,CLOSE,0.2,15204.678,stop
1773854700,Boom 1000 Index,BUY,0.2,15229.646,signal
1773855300,Boom 1000 Index,CLOSE,0.2,15219.646,stop
1773858900,Boom 1000 Index,BUY,0.2,15183.545,signal
1773859800,Boom 1000 Index,CLOSE,0.2,15173.545,stop
1773861300,Boom 1000 Index,BUY,0.2,15189.296,signal
1773862200,Boom 1000 Index,CLOSE,0.2,15179.296,stop
1773865200,Boom 1000 Index,BUY,0.2,15157.647,signal
1773865500,Boom 1000 Index,CLOSE,0.2,15170.652,stop
1773865800,Boom 1000 Index,BUY,0.2,15174.041,signal
1773866400,Boom 1000 Index,CLOSE,0.2,15164.041,stop
1773867900,Boom 1000 Index,BUY,0.2,15156.623,signal
1773867900,Boom 1000 Index,CLOSE,0.2,15157.04,stop
1773868500,Boom 1000 Index,BUY,0.2,15175.994,signal
1773870000,Boom 1000 Index,CLOSE,0.2,15165.994,stop
1773870600,Boom 1000 Index,BUY,0.2,15188.895,signal
1773871200,Boom 1000 Index,CLOSE,0.2,15199.789,stop
1773871500,Boom 1000 Index,BUY,0.2,15202.845,signal
1773871800,Boom 1000 Index,CLOSE,0.2,15204.516,stop
1773872100,Boom 1000 Index,BUY,0.2,15207.308,signal
1773872100,Boom 1000 Index,CLOSE,0.2,15208.63,stop
1773875100,Boom 1000 Index,BUY,0.2,15199.53,signal
1773875700,Boom 1000 Index,CLOSE,0.2,15189.53,stop
1773885600,Boom 1000 Index,BUY,0.2,15149.825,signal
1773886200,Boom 1000 Index,CLOSE,0.2,15160.79,stop
1773886500,Boom 1000 Index,BUY,0.2,15161.88,signal
1773887100,Boom 1000 Index,CLOSE,0.2,15151.88,stop
1773892200,Boom 1000 Index,BUY,0.2,15123.983,signal
1773893100,Boom 1000 Index,CLOSE,0.2,15113.983,stop
1773894300,Boom 1000 Index,BUY,0.2,15131.784,signal
1773894300,Boom 1000 Index,CLOSE,0.2,15142.521,stop
1773894600,Boom 1000 Index,BUY,0.2,15147.422,signal
1773894600,Boom 1000 Index,CLOSE,0.2,15165.721,stop
1773894900,Boom 1000 Index,BUY,0.2,15169.165,signal
1773895500,Boom 1000 Index,CLOSE,0.2,15159.165,stop
1773904200,Boom 1000 Index,BUY,0.2,15055.708,signal
1773904800,Boom 1000 Index,CLOSE,0.2,15045.708,stop
1773905400,Boom 1000 Index,BUY,0.2,15049.013,signal
1773906300,Boom 1000 Index,CLOSE,0.2,15061.058,stop
1773906600,Boom 1000 Index,BUY,0.2,15064.373,signal
1773906600,Boom 1000 Index,CLOSE,0.2,15077.152,stop
1773906900,Boom 1000 Index,BUY,0.2,15079.625,signal
1773906900,Boom 1000 Index,CLOSE,0.2,15091.102,stop
1773907200,Boom 1000 Index,BUY,0.2,15095.385,signal
1773907800,Boom 1000 Index,CLOSE,0.2,15085.385,stop
1773909600,Boom 1000 Index,BUY,0.2,15101.856,signal
1773909600,Boom 1000 Index,CLOSE,0.2,15108.731,stop
1773909900,Boom 1000 Index,BUY,0.2,15112.328,signal
1773910200,Boom 1000 Index,CLOSE,0.2,15115.116,stop
1773910500,Boom 1000 Index,BUY,0.2,15118.137,signal
1773911700,Boom 1000 Index,CLOSE,0.2,15108.137,stop
1773927900,Boom 1000 Index,BUY,0.2,15086.831,signal
1773928500,Boom 1000 Index,CLOSE,0.2,15076.831,stop
1773930300,Boom 1000 Index,BUY,0.2,15089.458,signal
1773930900,Boom 1000 Index,CLOSE,0.2,15079.458,stop
1773934800,Boom 1000 Index,BUY,0.2,15058.932,signal
1773935100,Boom 1000 Index,CLOSE,0.2,15065.032,stop
1773939000,Boom 1000 Index,BUY,0.2,15042.965,signal
1773939600,Boom 1000 Index,CLOSE,0.2,15043.169,stop
1773939900,Boom 1000 Index,BUY,0.2,15045.863,signal
1773940200,Boom 1000 Index,CLOSE,0.2,15058.233,stop
1773940500,Boom 1000 Index,BUY,0.2,15060.963,signal
1773940500,Boom 1000 Index,CLOSE,0.2,15070.207,stop
1773940800,Boom 1000 Index,BUY,0.2,15075.09,signal
1773941400,Boom 1000 Index,CLOSE,0.2,15079.247,stop
1773946800,Boom 1000 Index,BUY,0.2,15040.484,signal
1773946800,Boom 1000 Index,CLOSE,0.2,15048.294,stop
1773950100,Boom 1000 Index,BUY,0.2,15038.785,signal
1773950700,Boom 1000 Index,CLOSE,0.2,15028.785,stop
1773951300,Boom 1000 Index,BUY,0.2,15041.081,signal
1773952500,Boom 1000 Index,CLOSE,0.2,15031.081,stop
1773953100,Boom 1000 Index,BUY,0.2,15060.188,signal
1773953700,Boom 1000 Index,CLOSE,0.2,15066.3,stop
1773954000,Boom 1000 Index,BUY,0.2,15068.229,signal
1773954900,Boom 1000 Index,CLOSE,0.2,15058.229,stop
1773966300,Boom 1000 Index,BUY,0.2,15093.446,signal
1773966300,Boom 1000 Index,CLOSE,0.2,15099.178,stop
1773966600,Boom 1000 Index,BUY,0.2,15102.139,signal
1773966600,Boom 1000 Index,CLOSE,0.2,15109.18,stop
1773969600,Boom 1000 Index,BUY,0.2,15143.874,signal
1773970200,Boom 1000 Index,CLOSE,0.2,15133.874,stop
1773974100,Boom 1000 Index,BUY,0.2,15109.954,signal
1773974100,Boom 1000 Index,CLOSE,0.2,15124.599,stop
1773974400,Boom 1000 Index,BUY,0.2,15125.199,signal
1773975000,Boom 1000 Index,CLOSE,0.2,15115.199,stop
1773975300,Boom 1000 Index,BUY,0.2,15122.183,signal
1773976500,Boom 1000 Index,CLOSE,0.2,15124.833,stop
1773979200,Boom 1000 Index,BUY,0.2,15105.021,signal
1773979500,Boom 1000 Index,CLOSE,0.2,15117.079,stop
1773979800,Boom 1000 Index,BUY,0.2,15121.456,signal
1773980400,Boom 1000 Index,CLOSE,0.2,15111.456,stop
1773985200,Boom 1000 Index,BUY,0.2,15077.296,signal
1773986100,Boom 1000 Index,CLOSE,0.2,15112.148,stop
1773986400,Boom 1000 Index,BUY,0.2,15116.919,signal
1773986400,Boom 1000 Index,CLOSE,0.2,15121.799,stop
1773986700,Boom 1000 Index,BUY,0.2,15124.324,signal
1773987300,Boom 1000 Index,CLOSE,0.2,15114.324,stop
1773988800,Boom 1000 Index,BUY,0.2,15109.85,signal
1773989700,Boom 1000 Index,CLOSE,0.2,15099.85,stop
1773992400,Boom 1000 Index,BUY,0.2,15099.803,signal
1773993000,Boom 1000 Index,CLOSE,0.2,15089.803,stop
1773993300,Boom 1000 Index,BUY,0.2,15100.828,signal
1773993300,Boom 1000 Index,CLOSE,0.2,15110.415,stop
1773993600,Boom 1000 Index,BUY,0.2,15113.369,signal
1773994200,Boom 1000 Index,CLOSE,0.2,15103.369,stop
1773994800,Boom 1000 Index,BUY,0.2,15123.073,signal
1773995400,Boom 1000 Index,CLOSE,0.2,15113.073,stop
1773999300,Boom 1000 Index,BUY,0.2,15101.944,signal
1773999900,Boom 1000 Index,CLOSE,0.2,15091.944,stop
1774000800,Boom 1000 Index,BUY,0.2,15103.372,signal
1774001700,Boom 1000 Index,CLOSE,0.2,15093.372,stop
1774003800,Boom 1000 Index,BUY,0.2,15088.176,signal
1774003800,Boom 1000 Index,CLOSE,0.2,15094.288,stop
1774004100,Boom 1000 Index,BUY,0.2,15096.4,signal
1774004700,Boom 1000 Index,CLOSE,0.2,15096.964,stop
1774005000,Boom 1000 Index,BUY,0.2,15099.236,signal
1774005000,Boom 1000 Index,CLOSE,0.2,15116.29,stop
1774005300,Boom 1000 Index,BUY,0.2,15120.224,signal
1774005900,Boom 1000 Index,CLOSE,0.2,15110.224,stop
1774009800,Boom 1000 Index,SELL,0.2,15074.629,signal
1774010700,Boom 1000 Index,CLOSE,0.2,15056.629,takeprofit
1774011000,Boom 1000 Index,SELL,0.2,15056.121,signal
1774011300,Boom 1000 Index,CLOSE,0.2,15053.386,stop
1774028700,Boom 1000 Index,SELL,0.2,15015.398,signal
1774029300,Boom 1000 Index,CLOSE,0.2,15008.957,stop
1774029900,Boom 1000 Index,SELL,0.2,15007.172,signal
1774030800,Boom 1000 Index,CLOSE,0.2,14989.172,takeprofit
1774031100,Boom 1000 Index,SELL,0.2,14989.152,signal
1774031400,Boom 1000 Index,CLOSE,0.2,14986.654,stop
1774037700,Boom 1000 Index,BUY,0.2,15061.11,signal
1774038300,Boom 1000 Index,CLOSE,0.2,15051.11,stop
1774039200,Boom 1000 Index,BUY,0.2,15068.665,signal
1774039800,Boom 1000 Index,CLOSE,0.2,15058.665,stop
1774055100,Boom 1000 Index,BUY,0.2,15076.346,signal
1774055700,Boom 1000 Index,CLOSE,0.2,15066.346,stop
1774056300,Boom 1000 Index,BUY,0.2,15082.366,signal
1774056900,Boom 1000 Index,CLOSE,0.2,15072.366,stop
1774057500,Boom 1000 Index,BUY,0.2,15093.346,signal
1774058100,Boom 1000 Index,CLOSE,0.2,15083.346,stop
1774062000,Boom 1000 Index,BUY,0.2,15064.68,signal
1774062600,Boom 1000 Index,CLOSE,0.2,15054.68,stop
1774063800,Boom 1000 Index,BUY,0.2,15047.831,signal
1774063800,Boom 1000 Index,CLOSE,0.2,15068.882,stop
1774064100,Boom 1000 Index,BUY,0.2,15070.525,signal
1774064700,Boom 1000 Index,CLOSE,0.2,15060.525,stop
1774080600,Boom 1000 Index,BUY,0.2,15012.594,signal
1774080600,Boom 1000 Index,CLOSE,0.2,15018.666,stop
1774080900,Boom 1000 Index,BUY,0.2,15021.768,signal
1774081500,Boom 1000 Index,CLOSE,0.2,15011.768,stop
1774082100,Boom 1000 Index,BUY,0.2,15037.478,signal
1774082700,Boom 1000 Index,CLOSE,0.2,15027.478,stop
1774083600,Boom 1000 Index,BUY,0.2,15037.603,signal
1774083900,Boom 1000 Index,CLOSE,0.2,15053.695,stop
1774084200,Boom 1000 Index,BUY,0.2,15056.464,signal
1774084500,Boom 1000 Index,CLOSE,0.2,15063.228,stop
1774084800,Boom 1000 Index,BUY,0.2,15067.691,signal
1774085100,Boom 1000 Index,CLOSE,0.2,15068.991,stop
1774086900,Boom 1000 Index,BUY,0.2,15062.087,signal
1774086900,Boom 1000 Index,CLOSE,0.2,15070.0,stop
1774087200,Boom 1000 Index,BUY,0.2,15071.268,signal
1774087200,Boom 1000 Index,CLOSE,0.2,15071.71,stop
1774094700,Boom 1000 Index,SELL,0.2,15044.291,signal
1774095900,Boom 1000 Index,CLOSE,0.2,15026.291,takeprofit
1774098000,Boom 1000 Index,SELL,0.2,15027.711,signal
1774098000,Boom 1000 Index,CLOSE,0.2,15037.711,stop
1774121100,Boom 1000 Index,SELL,0.2,14916.737,signal
1774121100,Boom 1000 Index,CLOSE,0.2,14926.737,stop
1774141500,Boom 1000 Index,BUY,0.2,15110.073,signal
1774141800,Boom 1000 Index,CLOSE,0.2,15125.14,stop
1774149000,Boom 1000 Index,BUY,0.2,15129.237,signal
1774149300,Boom 1000 Index,CLOSE,0.2,15141.583,stop
1774149600,Boom 1000 Index,BUY,0.2,15145.5,signal
1774150200,Boom 1000 Index,CLOSE,0.2,15135.5,stop
1774150800,Boom 1000 Index,BUY,0.2,15159.374,signal
1774151400,Boom 1000 Index,CLOSE,0.2,15149.374,stop
1774152900,Boom 1000 Index,BUY,0.2,15149.342,signal
1774153500,Boom 1000 Index,CLOSE,0.2,15158.291,stop
1774157700,Boom 1000 Index,BUY,0.2,15169.765,signal
1774158300,Boom 1000 Index,CLOSE,0.2,15159.765,stop
1774163400,Boom 1000 Index,BUY,0.2,15142.924,signal
1774163700,Boom 1000 Index,CLOSE,0.2,15149.541,stop
1774164000,Boom 1000 Index,BUY,0.2,15153.252,signal
1774164600,Boom 1000 Index,CLOSE,0.2,15143.252,stop
1774167300,Boom 1000 Index,BUY,0.2,15129.394,signal
1774167900,Boom 1000 Index,CLOSE,0.2,15119.394,stop
1774168800,Boom 1000 Index,BUY,0.2,15132.781,signal
1774168800,Boom 1000 Index,CLOSE,0.2,15136.394,stop
1774169100,Boom 1000 Index,BUY,0.2,15139.233,signal
1774169400,Boom 1000 Index,CLOSE,0.2,15140.61,stop
1774170300,Boom 1000 Index,BUY,0.2,15158.011,signal
1774170900,Boom 1000 Index,CLOSE,0.2,15148.011,stop
1774174800,Boom 1000 Index,BUY,0.2,15136.215,signal
1774175400,Boom 1000 Index,CLOSE,0.2,15126.215,stop
1774177500,Boom 1000 Index,BUY,0.2,15113.365,signal
1774177800,Boom 1000 Index,CLOSE,0.2,15151.612,stop
1774178100,Boom 1000 Index,BUY,0.2,15156.14,signal
1774178400,Boom 1000 Index,CLOSE,0.2,15158.035,stop
1774182000,Boom 1000 Index,BUY,0.2,15178.358,signal
1774182600,Boom 1000 Index,CLOSE,0.2,15168.358,stop
1774183200,Boom 1000 Index,BUY,0.2,15171.683,signal
1774183800,Boom 1000 Index,CLOSE,0.2,15161.683,stop
1774186200,Boom 1000 Index,BUY,0.2,15138.488,signal
1774186800,Boom 1000 Index,CLOSE,0.2,15128.488,stop
1774187700,Boom 1000 Index,BUY,0.2,15124.351,signal
1774188300,Boom 1000 Index,CLOSE,0.2,15114.351,stop
1774190100,Boom 1000 Index,BUY,0.2,15107.661,signal
1774190100,Boom 1000 Index,CLOSE,0.2,15115.556,stop
1774190400,Boom 1000 Index,BUY,0.2,15119.328,signal
1774191000,Boom 1000 Index,CLOSE,0.2,15109.328,stop
1774191600,Boom 1000 Index,BUY,0.2,15127.433,signal
1774192200,Boom 1000 Index,CLOSE,0.2,15117.433,stop
1774194600,Boom 1000 Index,BUY,0.2,15106.401,signal
1774195500,Boom 1000 Index,CLOSE,0.2,15140.748,stop
1774195800,Boom 1000 Index,BUY,0.2,15144.822,signal
1774196700,Boom 1000 Index,CLOSE,0.2,15173.43,stop
1774197000,Boom 1000 Index,BUY,0.2,15177.246,signal
1774197300,Boom 1000 Index,CLOSE,0.2,15187.424,stop
1774207200,Boom 1000 Index,BUY,0.2,15143.575,signal
1774208100,Boom 1000 Index,CLOSE,0.2,15133.575,stop
1774212000,Boom 1000 Index,BUY,0.2,15123.929,signal
1774212900,Boom 1000 Index,CLOSE,0.2,15113.929,stop
1774215300,Boom 1000 Index,BUY,0.2,15106.331,signal
1774215900,Boom 1000 Index,CLOSE,0.2,15096.331,stop
1774217100,Boom 1000 Index,BUY,0.2,15102.28,signal
1774217700,Boom 1000 Index,CLOSE,0.2,15092.28,stop
1774219500,Boom 1000 Index,BUY,0.2,15089.237,signal
1774220100,Boom 1000 Index,CLOSE,0.2,15079.237,stop
1774221300,Boom 1000 Index,BUY,0.2,15093.336,signal
1774221600,Boom 1000 Index,CLOSE,0.2,15093.52,stop
1774221900,Boom 1000 Index,BUY,0.2,15097.47,signal
1774222500,Boom 1000 Index,CLOSE,0.2,15102.04,stop
1774222800,Boom 1000 Index,BUY,0.2,15106.768,signal
1774222800,Boom 1000 Index,CLOSE,0.2,15117.4,stop
1774223100,Boom 1000 Index,BUY,0.2,15120.99,signal
1774223700,Boom 1000 Index,CLOSE,0.2,15110.99,stop
1774227600,Boom 1000 Index,BUY,0.2,15081.683,signal
1774227900,Boom 1000 Index,CLOSE,0.2,15125.079,stop
1774228200,Boom 1000 Index,BUY,0.2,15129.788,signal
1774228800,Boom 1000 Index,CLOSE,0.2,15130.64,stop
1774235100,Boom 1000 Index,BUY,0.2,15153.865,signal
1774235400,Boom 1000 Index,CLOSE,0.2,15158.881,stop
1774235700,Boom 1000 Index,BUY,0.2,15159.445,signal
1774236300,Boom 1000 Index,CLOSE,0.2,15149.445,stop
1774247100,Boom 1000 Index,BUY,0.2,15145.432,signal
1774248000,Boom 1000 Index,CLOSE,0.2,15135.432,stop
1774248900,Boom 1000 Index,BUY,0.2,15143.682,signal
1774249500,Boom 1000 Index,CLOSE,0.2,15133.682,stop
1774278300,Boom 1000 Index,SELL,0.2,14957.326,signal
1774278300,Boom 1000 Index,CLOSE,0.2,14967.326,stop
1774283700,Boom 1000 Index,SELL,0.2,14984.895,signal
1774284000,Boom 1000 Index,CLOSE,0.2,14983.198,stop
1774288500,Boom 1000 Index,SELL,0.2,14965.003,signal
1774289100,Boom 1000 Index,CLOSE,0.2,14959.324,stop
1774289700,Boom 1000 Index,SELL,0.2,14955.266,signal
1774290000,Boom 1000 Index,CLOSE,0.2,14953.339,stop
1774301100,Boom 1000 Index,SELL,0.2,14986.157,signal
1774302300,Boom 1000 Index,CLOSE,0.2,14973.78,stop
1774417200,Boom 1000 Index,SELL,0.2,14699.915,signal
1774417500,Boom 1000 Index,CLOSE,0.2,14697.586,stop
1774432500,Boom 1000 Index,SELL,0.2,14716.098,signal
1774433100,Boom 1000 Index,CLOSE,0.2,14710.956,stop
1774433700,Boom 1000 Index,SELL,0.2,14707.144,signal
1774434900,Boom 1000 Index,CLOSE,0.2,14689.144,takeprofit
1774450800,Boom 1000 Index,SELL,0.2,14730.127,signal
1774452000,Boom 1000 Index,CLOSE,0.2,14712.127,takeprofit
1774452300,Boom 1000 Index,SELL,0.2,14708.508,signal
1774452300,Boom 1000 Index,CLOSE,0.2,14718.508,stop
1774452900,Boom 1000 Index,SELL,0.2,14725.395,signal
1774454100,Boom 1000 Index,CLOSE,0.2,14707.395,takeprofit
1774454700,Boom 1000 Index,SELL,0.2,14698.697,signal
1774455300,Boom 1000 Index,CLOSE,0.2,14691.325,stop
1774456800,Boom 1000 Index,SELL,0.2,14689.522,signal
1774456800,Boom 1000 Index,CLOSE,0.2,14699.522,stop
1774466400,Boom 1000 Index,SELL,0.2,14652.283,signal
1774466700,Boom 1000 Index,CLOSE,0.2,14662.283,stop
1774492800,Boom 1000 Index,SELL,0.2,14572.653,signal
1774493700,Boom 1000 Index,CLOSE,0.2,14563.253,stop
1774494300,Boom 1000 Index,SELL,0.2,14559.414,signal
1774495500,Boom 1000 Index,CLOSE,0.2,14541.414,takeprofit
1774506300,Boom 1000 Index,SELL,0.2,14582.546,signal
1774506300,Boom 1000 Index,CLOSE,0.2,14592.546,stop
1774507800,Boom 1000 Index,SELL,0.2,14583.572,signal
1774508700,Boom 1000 Index,CLOSE,0.2,14574.26,stop
1774518600,Boom 1000 Index,SELL,0.2,14554.434,signal
1774518600,Boom 1000 Index,CLOSE,0.2,14564.434,stop
1774519200,Boom 1000 Index,SELL,0.2,14568.118,signal
1774519500,Boom 1000 Index,CLOSE,0.2,14567.978,stop
1774532400,Boom 1000 Index,SELL,0.2,14641.462,signal
1774533300,Boom 1000 Index,CLOSE,0.2,14631.583,stop
1774537800,Boom 1000 Index,SELL,0.2,14620.472,signal
1774539300,Boom 1000 Index,CLOSE,0.2,14602.472,takeprofit
1774554900,Boom 1000 Index,SELL,0.2,14559.668,signal
1774555800,Boom 1000 Index,CLOSE,0.2,14548.866,stop
1774556400,Boom 1000 Index,SELL,0.2,14547.695,signal
1774556400,Boom 1000 Index,CLOSE,0.2,14557.695,stop
1774569900,Boom 1000 Index,SELL,0.2,14540.729,signal
1774569900,Boom 1000 Index,CLOSE,0.2,14550.729,stop
1774574400,Boom 1000 Index,SELL,0.2,14527.617,signal
1774574700,Boom 1000 Index,CLOSE,0.2,14523.771,stop
1774575900,Boom 1000 Index,SELL,0.2,14530.256,signal
1774575900,Boom 1000 Index,CLOSE,0.2,14540.256,stop
1774583400,Boom 1000 Index,SELL,0.2,14536.812,signal
1774583700,Boom 1000 Index,CLOSE,0.2,14535.457,stop
1774584900,Boom 1000 Index,SELL,0.2,14529.206,signal
1774586100,Boom 1000 Index,CLOSE,0.2,14511.206,takeprofit
1774586400,Boom 1000 Index,SELL,0.2,14506.925,signal
1774587900,Boom 1000 Index,CLOSE,0.2,14488.925,takeprofit
1774620600,Boom 1000 Index,SELL,0.2,14400.631,signal
1774621800,Boom 1000 Index,CLOSE,0.2,14382.631,takeprofit
1774622100,Boom 1000 Index,SELL,0.2,14379.437,signal
1774623300,Boom 1000 Index,CLOSE,0.2,14361.437,takeprofit
1774623600,Boom 1000 Index,SELL,0.2,14358.251,signal
1774624800,Boom 1000 Index,CLOSE,0.2,14340.251,takeprofit
1774636200,Boom 1000 Index,SELL,0.2,14334.297,signal
1774637100,Boom 1000 Index,CLOSE,0.2,14323.877,stop
1774654500,Boom 1000 Index,SELL,0.2,14229.29,signal
1774654500,Boom 1000 Index,CLOSE,0.2,14239.29,stop
1774673400,Boom 1000 Index,SELL,0.2,14151.18,signal
1774673400,Boom 1000 Index,CLOSE,0.2,14161.18,stop
1774674000,Boom 1000 Index,SELL,0.2,14163.476,signal
1774674900,Boom 1000 Index,CLOSE,0.2,14155.279,stop
